1 6 100 36 28 21 17 11
2 5 100 47 31 26 21
3 6 100 44 22 15 12 10
4 7 100 40 28 21 16 13 10
5 8 100 42 35 28 22 16 13 10
6 6 100 51 33 20 12 8
7 5 100 54 29 16 11
8 6 100 32 21 16 13 10
9 5 100 35 27 17 10
10 8 100 35 24 22 19 16 13 10
11 7 100 46 39 28 21 15 11
12 6 100 68 53 39 28 15
13 6 100 31 21 16 13 10
14 5 100 35 22 16 11
15 8 100 47 34 20 15 13 10 7
16 5 100 45 32 18 10
17 6 100 32 22 17 13 10
18 7 100 30 22 19 16 14 10
19 6 100 35 22 16 13 9
20 5 100 46 31 22 15
21 5 100 46 29 21 12
22 4 100 42 18 10
23 8 100 30 24 22 19 16 12 10
24 5 100 31 22 17 11
25 5 100 35 21 14 10
26 4 100 45 30 21
27 6 100 32 22 17 13 10
28 6 100 43 33 22 19 11
29 6 100 32 21 17 14 11
30 5 100 33 21 16 11
31 5 100 39 22 15 11
32 7 100 35 22 18 15 11 7
33 7 100 30 20 16 13 10 7
34 5 100 39 23 15 11
35 7 100 34 21 16 12 10 7
36 6 100 29 22 19 16 11
37 7 100 70 58 47 32 21 12
38 5 100 34 21 15 10
39 4 100 43 21 11
40 5 100 50 32 21 13
41 6 100 32 22 17 13 10
42 6 100 31 22 16 12 10
43 5 100 44 29 21 13
44 4 100 25 14 9
45 6 100 63 47 35 26 15
46 6 100 28 20 13 10 7
47 6 100 45 28 22 16 12
48 7 100 41 33 23 17 14 10
49 6 100 36 20 15 11 10
50 6 100 31 20 15 12 9
